    0.0 1.340e-03
   10.0 4.128e-04
   20.0 8.573e-05
   30.0 1.611e-05
   40.0 3.262e-06
   50.0 8.602e-07
   60.0 2.394e-07
   70.0 6.017e-08
   80.0 1.439e-08
   90.0 3.080e-09
  100.0 5.357e-10
  110.0 8.711e-11
  120.0 1.844e-11
  130.0 7.383e-12
  140.0 3.781e-12
  150.0 2.185e-12
  160.0 1.364e-12
  170.0 8.974e-13
  180.0 6.145e-13
  190.0 4.333e-13
  200.0 3.127e-13
  210.0 2.300e-13
  220.0 1.718e-13
  230.0 1.300e-13
  240.0 9.954e-14
  250.0 7.698e-14
  260.0 6.007e-14
  270.0 4.725e-14
  280.0 3.744e-14
  290.0 2.987e-14
  300.0 2.397e-14
  310.0 1.934e-14
  320.0 1.569e-14
  330.0 1.278e-14
  340.0 1.046e-14
  350.0 8.594e-15
  360.0 7.085e-15
  370.0 5.861e-15
  380.0 4.864e-15
  390.0 4.047e-15
  400.0 3.377e-15
  410.0 2.823e-15
  420.0 2.367e-15
  430.0 1.989e-15
  440.0 1.674e-15
  450.0 1.412e-15
  460.0 1.194e-15
  470.0 1.011e-15
  480.0 8.575e-16
  490.0 7.288e-16
  500.0 6.205e-16
  510.0 5.292e-16
  520.0 4.522e-16
  530.0 3.871e-16
  540.0 3.321e-16
  550.0 2.854e-16
  560.0 2.459e-16
  570.0 2.122e-16
  580.0 1.836e-16
  590.0 1.592e-16
  600.0 1.385e-16
  610.0 1.207e-16
  620.0 1.055e-16
  630.0 9.251e-17
  640.0 8.135e-17
  650.0 7.176e-17
  660.0 6.350e-17
  670.0 5.639e-17
  680.0 5.024e-17
  690.0 4.493e-17
  700.0 4.031e-17
  710.0 3.631e-17
  720.0 3.282e-17
  730.0 2.977e-17
  740.0 2.711e-17
  750.0 2.477e-17
  760.0 2.271e-17
  770.0 2.090e-17
  780.0 1.929e-17
  790.0 1.787e-17
  800.0 1.660e-17
  810.0 1.546e-17
  820.0 1.445e-17
  830.0 1.353e-17
  840.0 1.271e-17
  850.0 1.197e-17
  860.0 1.129e-17
  870.0 1.067e-17
  880.0 1.011e-17
  890.0 9.590e-18
  900.0 9.114e-18
  910.0 8.675e-18
  920.0 8.268e-18
  930.0 7.890e-18
  940.0 7.539e-18
  950.0 7.211e-18
  960.0 6.903e-18
  970.0 6.615e-18
  980.0 6.345e-18
  990.0 6.090e-18
 1000.0 5.849e-18