  5.9999999999999998e-002  6.1092638639220737e-002
  4.7999999999999998e-001  6.6999286438298311e-001
  5.7999999999999996e-001  9.3341401211387964e-001
  7.8000000000000003e-001  1.1913895975404236e+000
  1.4000000000000001e-001  2.2126625313424647e-001
  4.6000000000000002e-001  7.4766695731396071e-001
  1.7999999999999999e-001  2.6682561309982566e-001
  6.9999999999999996e-001  1.0426099832589608e+000
  4.0000000000000002e-001  6.1410349373098250e-001
  2.3999999999999999e-001  4.3199734132997120e-001
  5.6000000000000005e-001  8.8259412873033549e-001
  9.0000000000000002e-001  1.3731973769080477e+000
  8.0000000000000002e-002  7.5895363817820000e-002
  8.5999999999999999e-001  1.2719361539127931e+000
  4.1999999999999998e-001  5.8548155286586856e-001
  1.0000000000000000e+000  1.4641365970443463e+000
  5.2000000000000002e-001  7.6406360789129779e-001
  3.2000000000000001e-001  3.9099152759556133e-001
  2.0000000000000000e-002  4.1317403302992953e-002
  8.1999999999999995e-001  1.1658556894118250e+000
  5.9999999999999998e-001  9.2397262126455182e-001
  7.3999999999999999e-001  1.1481917570004261e+000
  8.0000000000000004e-001  1.0903646237619973e+000
  9.3999999999999995e-001  1.4131815751794476e+000
  2.0000000000000001e-001  4.4937382915769603e-001
  2.8000000000000003e-001  4.6470011005794598e-001
  1.6000000000000000e-001  1.8963237833293625e-001
  3.8000000000000000e-001  5.0738700671037917e-001
  1.0000000000000001e-001  1.8328576365219629e-001
  6.2000000000000000e-001  9.3666465025184209e-001
  6.4000000000000001e-001  8.9738876592252681e-001
  5.4000000000000004e-001  8.7986530844536182e-001
  4.4000000000000000e-001  7.4159301061804017e-001
  8.3999999999999997e-001  1.4178019085127507e+000
  2.9999999999999999e-001  4.0390437119274286e-001
  6.6000000000000003e-001  9.9802074360602588e-001
  7.6000000000000001e-001  1.1033957866731057e+000
  3.4000000000000002e-001  5.2322013472567896e-001
  8.8000000000000000e-001  1.3193456300410373e+000
  9.2000000000000004e-001  1.3744138168074564e+000
  6.8000000000000005e-001  9.8389059963312675e-001
  2.2000000000000000e-001  3.2278853746713237e-001
  3.5999999999999999e-001  5.0052380867893931e-001
  4.0000000000000001e-002  1.2279886544889415e-001
  7.1999999999999997e-001  1.0855545056019098e+000
  5.0000000000000000e-001  7.7052851668926503e-001
  2.6000000000000001e-001  3.2201841281706522e-001
  9.7999999999999998e-001  1.4366804257177297e+000
  1.2000000000000000e-001  2.4575027843565689e-001
  9.5999999999999996e-001  1.4898686400752619e+000
