2.9999999999999999e-001  4.4999999999999996e-001
4.4000000000000000e-001  6.6000000000000003e-001
4.0000000000000002e-001  6.0000000000000009e-001
3.4000000000000002e-001  5.1000000000000001e-001
4.0000000000000001e-002  5.9999999999999998e-002
2.3999999999999999e-001  3.5999999999999999e-001
9.0000000000000002e-001  1.3500000000000001e+000
7.8000000000000003e-001  1.1699999999999999e+000
5.4000000000000004e-001  8.1000000000000005e-001
6.6000000000000003e-001  9.8999999999999999e-001
9.2000000000000004e-001  1.3800000000000001e+000
3.8000000000000000e-001  5.7000000000000006e-001
8.0000000000000004e-001  1.2000000000000002e+000
2.8000000000000003e-001  4.2000000000000004e-001
4.7999999999999998e-001  7.1999999999999997e-001
1.0000000000000001e-001  1.5000000000000002e-001
6.4000000000000001e-001  9.5999999999999996e-001
5.2000000000000002e-001  7.8000000000000003e-001
6.8000000000000005e-001  1.0200000000000000e+000
3.5999999999999999e-001  5.4000000000000004e-001
7.1999999999999997e-001  1.0800000000000001e+000
5.0000000000000000e-001  7.5000000000000000e-001
8.8000000000000000e-001  1.3200000000000001e+000
5.9999999999999998e-001  8.9999999999999991e-001
2.0000000000000000e-002  2.9999999999999999e-002
9.7999999999999998e-001  1.4700000000000000e+000
1.0000000000000000e+000  1.5000000000000000e+000
8.0000000000000002e-002  1.2000000000000000e-001
1.7999999999999999e-001  2.7000000000000002e-001
1.6000000000000000e-001  2.3999999999999999e-001
5.6000000000000005e-001  8.4000000000000008e-001
9.5999999999999996e-001  1.4399999999999999e+000
2.6000000000000001e-001  3.9000000000000001e-001
5.9999999999999998e-002  8.9999999999999997e-002
8.1999999999999995e-001  1.2300000000000000e+000
4.1999999999999998e-001  6.3000000000000000e-001
7.6000000000000001e-001  1.1400000000000001e+000
6.9999999999999996e-001  1.0499999999999998e+000
3.2000000000000001e-001  4.7999999999999998e-001
9.3999999999999995e-001  1.4099999999999999e+000
7.3999999999999999e-001  1.1099999999999999e+000
8.5999999999999999e-001  1.2900000000000000e+000
1.2000000000000000e-001  1.7999999999999999e-001
2.0000000000000001e-001  3.0000000000000004e-001
5.7999999999999996e-001  8.6999999999999988e-001
8.3999999999999997e-001  1.2600000000000000e+000
2.2000000000000000e-001  3.3000000000000002e-001
4.6000000000000002e-001  6.9000000000000006e-001
6.2000000000000000e-001  9.2999999999999994e-001
1.4000000000000001e-001  2.1000000000000002e-001
